 #Unitcell H-Matrix
            6.5416670000            0.0000000000           -1.1243080230
            0.0000000000           10.2541200000            0.0000000000
            0.0000000000            0.0000000000            7.5143795601
 #Rotation Rz(theta1) about z
            0.5378300476            0.8430532841            0.0000000000
           -0.8430532841            0.5378300476            0.0000000000
            0.0000000000            0.0000000000            1.0000000000
 #Rotation Ry(theta2) about y
            1.0000000000            0.0000000000            0.0000000000
            0.0000000000            1.0000000000            0.0000000000
           -0.0000000000            0.0000000000            1.0000000000
 #Rotation Rx(theta3) about x
            1.0000000000            0.0000000000            0.0000000000
            0.0000000000            0.6520658898            0.7581623015
            0.0000000000           -0.7581623015            0.6520658898
 #Net Rotation matrix
            0.5378300476            0.8430532841            0.0000000000
           -0.5497262898            0.3507006285            0.7581623015
            0.6391712182           -0.4077624667            0.6520658898
